100 56 87 100 56 87 100 56 87
100.35839 57.8407 80.3418 100.35839 57.8407 80.3418 100.35839 57.8407 80.3418
95.80353 68.60998 60.269073 95.80353 68.60998 60.269073 95.80353 68.60998 60.269073
107.809296 44.653206 99.604095 107.809296 44.653206 99.604095 107.809296 44.653206 99.604095
112.227684 41.4075 97.00809 112.227684 41.4075 97.00809 112.227684 41.4075 97.00809
93.28269 47.43831 132.30594 93.28269 47.43831 132.30594 93.28269 47.43831 132.30594
57.84052 83.67069 121.881256 57.84052 83.67069 121.881256 57.84052 83.67069 121.881256
43.333294 98.786644 116.73997 43.333294 98.786644 116.73997 43.333294 98.786644 116.73997
57.78926 98.80199 75.656654 57.78926 98.80199 75.656654 57.78926 98.80199 75.656654
108.28334 32.95867 134.09651 108.28334 32.95867 134.09651 108.28334 32.95867 134.09651
